nohup: ignoring input
ADA/BTC  -0.003511235955056265  -0.005614035087719244  1534939144.7481227
XRP/BTC  -0.0013728181996470763  -0.001176701313983189  1534939144.7487216
TRX/BTC  -0.006349206349206423  -0.0031746031746031442  1534939144.7488666
NEO/BTC  -0.003621877469042308  -0.006730188378565736  1534939144.748984
LTC/BTC  -0.0010357130924964818  -0.0014329226083345833  1534939144.7490933
XRP/BTC  -0.0011764705882353493  -0.001176701313983189  1534939145.9961298
TRX/BTC  -0.006349206349206423  -0.0031746031746031442  1534939145.996362
NEO/BTC  -0.003621877469042308  -0.006722726447294722  1534939145.9964736
LTC/BTC  -0.0010357130924964818  -0.0014329226083345833  1534939145.9965641
XRP/BTC  -0.0011764705882353493  -0.001176701313983189  1534939147.097553
TRX/BTC  -0.006349206349206423  -0.0031746031746031442  1534939147.1011472
NEO/BTC  -0.003621877469042308  -0.006722726447294722  1534939147.1017342
LTC/BTC  -0.0010357130924964818  -0.0014329226083345833  1534939147.1023202
XRP/BTC  -0.0011764705882353493  -0.001176701313983189  1534939148.252556
TRX/BTC  -0.006349206349206423  -0.0031746031746031442  1534939148.2527938
NEO/BTC  -0.003414418072422629  -0.00671899552314028  1534939148.2529035
LTC/BTC  -0.0010357130924964818  -0.0014329226083345833  1534939148.253002
XRP/BTC  -0.0013728181996470763  -0.001176701313983189  1534939149.3996131
TRX/BTC  -0.006349206349206423  -0.0031746031746031442  1534939149.3999865
NEO/BTC  -0.003414418072422629  -0.006416882476946246  1534939149.4001846
LTC/BTC  -0.0010357130924964818  -0.0014329226083345833  1534939149.4004002
XRP/BTC  -0.0013728181996470763  -0.001176701313983189  1534939150.4975135
TRX/BTC  -0.006349206349206423  -0.0031746031746031442  1534939150.4977994
NEO/BTC  -0.003414418072422629  -0.006416882476946246  1534939150.4979534
LTC/BTC  -0.0010357130924964818  -0.0014329226083345833  1534939150.4980958
XRP/BTC  -0.0013728181996470763  -0.001176701313983189  1534939151.6582835
TRX/BTC  -0.006349206349206423  -0.0031746031746031442  1534939151.6586235
NEO/BTC  -0.003414418072422629  -0.006416882476946246  1534939151.6588168
LTC/BTC  -0.0010357130924964818  -0.0014329226083345833  1534939151.6589854
XRP/BTC  -0.0013728181996470763  -0.001176701313983189  1534939152.8351054
TRX/BTC  -0.006349206349206423  -0.0031746031746031442  1534939152.8355477
NEO/BTC  -0.003414418072422629  -0.006700341317165615  1534939152.8356721
LTC/BTC  -0.0010357130924964818  -0.0014329226083345833  1534939152.835779
XRP/BTC  -0.0013728181996470763  -0.001176701313983189  1534939154.1143017
TRX/BTC  -0.006349206349206423  -0.0031746031746031442  1534939154.1148636
NEO/BTC  -0.0034107142197991975  -0.006696610558928038  1534939154.115127
LTC/BTC  -0.0010357130924964818  -0.0014329226083345833  1534939154.1153007
XRP/BTC  -0.0013728181996470763  -0.001176701313983189  1534939155.285913
TRX/BTC  -0.006349206349206423  -0.0031746031746031442  1534939155.2865329
NEO/BTC  -0.0034107142197991975  -0.006394510945876297  1534939155.2868278
LTC/BTC  -0.0010357130924964818  -0.0014329226083345833  1534939155.2871952
XRP/BTC  -0.0013728181996470763  -0.001176701313983189  1534939156.683964
TRX/BTC  -0.006349206349206423  -0.0031746031746031442  1534939156.684418
NEO/BTC  -0.0034107142197991975  -0.006394510945876297  1534939156.684582
LTC/BTC  -0.0010357130924964818  -0.0014329226083345833  1534939156.6847596
XRP/BTC  -0.0013728181996470763  -0.001176701313983189  1534939157.92987
TRX/BTC  -0.006349206349206423  -0.0031746031746031442  1534939157.931833
NEO/BTC  -0.0034107142197991975  -0.00668914912540762  1534939157.9321926
LTC/BTC  -0.0010357130924964818  -0.0014329226083345833  1534939157.932597
XRP/BTC  -0.0011764705882353493  -0.001176701313983189  1534939159.0344322
TRX/BTC  -0.006349206349206423  -0.0031746031746031442  1534939159.0347385
NEO/BTC  -0.0034107142197991975  -0.00668914912540762  1534939159.0348694
LTC/BTC  -0.0010357130924964818  -0.0014329226083345833  1534939159.0350726
XRP/BTC  -0.0013728181996470763  -0.001176701313983189  1534939160.145588
TRX/BTC  -0.006349206349206423  -0.0031746031746031442  1534939160.1460965
NEO/BTC  -0.0034107142197991975  -0.006681687802491844  1534939160.1463215
LTC/BTC  -0.0010357130924964818  -0.0014329226083345833  1534939160.1464446
XRP/BTC  -0.001962323390894867  -0.001176701313983189  1534939161.3164446
TRX/BTC  -0.006349206349206423  -0.0031746031746031442  1534939161.3168356
NEO/BTC  -0.0034107142197991975  -0.0066704960254962  1534939161.3169644
LTC/BTC  -0.0010357130924964818  -0.0014329226083345833  1534939161.3170593
XRP/BTC  -0.001962323390894867  -0.001176701313983189  1534939162.4787903
TRX/BTC  -0.006349206349206423  -0.0031746031746031442  1534939162.47915
NEO/BTC  -0.0034107142197991975  -0.0066704960254962  1534939162.4793417
LTC/BTC  -0.0010357130924964818  -0.0014329226083345833  1534939162.479586
XRP/BTC  -0.001962323390894867  -0.001176701313983189  1534939163.645644
TRX/BTC  -0.006349206349206423  -0.0031746031746031442  1534939163.6459918
NEO/BTC  -0.0034107142197991975  -0.006372140409373049  1534939163.6461673
LTC/BTC  -0.0010357130924964818  -0.0014329226083345833  1534939163.6463132
ADA/BTC  -0.003511235955056265  -0.00631578947368415  1534939164.8030603
XRP/BTC  -0.001962323390894867  -0.001176701313983189  1534939164.8033247
TRX/BTC  -0.006349206349206423  -0.0031746031746031442  1534939164.8034742
NEO/BTC  -0.0034107142197991975  -0.006372140409373049  1534939164.803577
LTC/BTC  -0.0010357130924964818  -0.0014329226083345833  1534939164.803671
XRP/BTC  -0.001962323390894867  -0.0017650519709747174  1534939165.89648
TRX/BTC  -0.006349206349206423  -0.0031746031746031442  1534939165.8968177
NEO/BTC  -0.0034107142197991975  -0.006360955514062989  1534939165.8970504
LTC/BTC  -0.0010357130924964818  -0.0014329226083345833  1534939165.8972685
XRP/BTC  -0.001962323390894867  -0.0021572857423024913  1534939167.0678246
TRX/BTC  -0.006349206349206423  -0.0031746031746031442  1534939167.0681496
NEO/BTC  -0.0034107142197991975  -0.006360955514062989  1534939167.068355
LTC/BTC  -0.0010357130924964818  -0.0014329226083345833  1534939167.0685003
XRP/BTC  -0.001962323390894867  -0.0019611688566386043  1534939168.2077458
TRX/BTC  -0.006349206349206423  -0.0031746031746031442  1534939168.2081482
NEO/BTC  -0.0034107142197991975  -0.006360955514062989  1534939168.2083352
LTC/BTC  -0.0010357130924964818  -0.0014329226083345833  1534939168.2084796
XRP/BTC  -0.001962323390894867  -0.0019611688566386043  1534939169.4655728
TRX/BTC  -0.006349206349206423  -0.0031746031746031442  1534939169.4661164
NEO/BTC  -0.0034107142197991975  -0.00635349905531066  1534939169.4664295
LTC/BTC  -0.0010357130924964818  -0.0014329226083345833  1534939169.4666438
XRP/BTC  -0.001962323390894867  -0.0019611688566386043  1534939170.6449566
TRX/BTC  -0.006349206349206423  -0.0031746031746031442  1534939170.6458704
NEO/BTC  -0.0034107142197991975  -0.00635349905531066  1534939170.6461112
LTC/BTC  -0.0010357130924964818  -0.0014329226083345833  1534939170.6465101
XRP/BTC  -0.0017657445556209697  -0.0019611688566386043  1534939171.746745
TRX/BTC  -0.006349206349206423  -0.0031746031746031442  1534939171.747068
NEO/BTC  -0.0034107142197991975  -0.006346042707052215  1534939171.7472606
LTC/BTC  -0.0010357130924964818  -0.0014329226083345833  1534939171.7473927
ADA/BTC  -0.003511235955056265  -0.005614035087719244  1534939172.8989232
XRP/BTC  -0.0017657445556209697  -0.0017650519709747174  1534939172.899321
TRX/BTC  -0.006349206349206423  -0.0031746031746031442  1534939172.8994944
NEO/BTC  -0.0034107142197991975  -0.006346042707052215  1534939172.8996363
LTC/BTC  -0.0010357130924964818  -0.0014329226083345833  1534939172.8997684
ADA/BTC  -0.003511235955056265  -0.00631578947368415  1534939174.0508914
XRP/BTC  -0.0015692428403295258  -0.0017650519709747174  1534939174.051688
TRX/BTC  -0.006349206349206423  -0.0031746031746031442  1534939174.0519133
NEO/BTC  -0.0034107142197991975  -0.0063385864692850355  1534939174.0521517
LTC/BTC  -0.0010357130924964818  -0.0014329226083345833  1534939174.0524352
XRP/BTC  -0.0015692428403295258  -0.0017650519709747174  1534939175.2214434
TRX/BTC  -0.006349206349206423  -0.0031746031746031442  1534939175.2227018
NEO/BTC  -0.0034107142197991975  -0.0063385864692850355  1534939175.2232325
LTC/BTC  -0.0010357130924964818  -0.0014329226083345833  1534939175.2234547
ADA/BTC  -0.003511235955056265  -0.007017543859649055  1534939176.3765044
XRP/BTC  -0.0015692428403295258  -0.0015689350853108303  1534939176.376833
TRX/BTC  -0.006349206349206423  -0.0031746031746031442  1534939176.3770554
NEO/BTC  -0.0034107142197991975  -0.0059125125955781215  1534939176.3772392
LTC/BTC  -0.0010357130924964818  -0.0014329226083345833  1534939176.3773832
XRP/BTC  -0.0015692428403295258  -0.0015689350853108303  1534939177.5322578
TRX/BTC  -0.006349206349206423  -0.0031746031746031442  1534939177.5327072
NEO/BTC  -0.0034107142197991975  -0.005908786124169647  1534939177.5328903
LTC/BTC  -0.0010357130924964818  -0.0014329226083345833  1534939177.53312
XRP/BTC  -0.0015692428403295258  -0.0015689350853108303  1534939178.6273026
TRX/BTC  -0.006349206349206423  -0.0031746031746031442  1534939178.627552
NEO/BTC  -0.0034107142197991975  -0.005908786124169647  1534939178.6276364
LTC/BTC  -0.0010357130924964818  -0.0014329226083345833  1534939178.6277099
XRP/BTC  -0.0015692428403295258  -0.0015689350853108303  1534939179.7793
TRX/BTC  -0.006349206349206423  -0.0031746031746031442  1534939179.7796128
NEO/BTC  -0.0034107142197991975  -0.005905059680371003  1534939179.7797549
LTC/BTC  -0.0010357130924964818  -0.0014329226083345833  1534939179.7799008
XRP/BTC  -0.0015692428403295258  -0.0023534026279662455  1534939180.892469
TRX/BTC  -0.006349206349206423  -0.0031746031746031442  1534939180.8928545
NEO/BTC  -0.0034107142197991975  -0.005905059680371003  1534939180.893059
LTC/BTC  -0.0010357130924964818  -0.0014329226083345833  1534939180.8932636
XRP/BTC  -0.0013728181996470763  -0.0023534026279662455  1534939182.0996404
TRX/BTC  -0.006349206349206423  -0.0031746031746031442  1534939182.0999134
NEO/BTC  -0.0034107142197991975  -0.005897606875601985  1534939182.1001132
LTC/BTC  -0.0010357130924964818  -0.0014329226083345833  1534939182.1002693
XRP/BTC  -0.0011764705882353493  -0.0021572857423024913  1534939183.1954443
TRX/BTC  -0.006349206349206423  -0.0031746031746031442  1534939183.1957388
NEO/BTC  -0.0035144324302373497  -0.005897606875601985  1534939183.1959085
LTC/BTC  -0.0010357130924964818  -0.0012584913560906934  1534939183.1960447
XRP/BTC  -0.0011764705882353493  -0.0017650519709747174  1534939184.3561227
TRX/BTC  -0.006349206349206423  -0.0031746031746031442  1534939184.3563635
NEO/BTC  -0.004563932002956374  -0.005897606875601985  1534939184.3564668
LTC/BTC  -0.0010357130924964818  -0.0012584913560906934  1534939184.3565545
XRP/BTC  -0.0011764705882353493  -0.0017650519709747174  1534939185.5009954
TRX/BTC  -0.006349206349206423  -0.0031746031746031442  1534939185.5013747
NEO/BTC  -0.002977552134834856  -0.005886427875514365  1534939185.5015497
LTC/BTC  -0.0010357130924964818  -0.0012584913560906934  1534939185.5017843
XRP/BTC  -0.0011764705882353493  -0.0017650519709747174  1534939186.6580043
TRX/BTC  -0.006349206349206423  -0.0031746031746031442  1534939186.6584616
NEO/BTC  -0.002977552134834856  -0.005886427875514365  1534939186.658667
LTC/BTC  -0.0010357130924964818  -0.0014329226083345833  1534939186.658787
XRP/BTC  -0.0011764705882353493  -0.0015689350853108303  1534939187.8161922
TRX/BTC  -0.006349206349206423  -0.0031746031746031442  1534939187.8165503
NEO/BTC  -0.002977552134834856  -0.005785828054968926  1534939187.8167617
LTC/BTC  -0.0010357130924964818  -0.0014329226083345833  1534939187.8169384
XRP/BTC  -0.0011764705882353493  -0.0015689350853108303  1534939189.035188
TRX/BTC  -0.006349206349206423  -0.0031746031746031442  1534939189.0357034
NEO/BTC  -0.002977552134834856  -0.005785828054968926  1534939189.0360043
LTC/BTC  -0.0010357130924964818  -0.0014329226083345833  1534939189.0363173
XRP/BTC  -0.0011764705882353493  -0.0015689350853108303  1534939190.3819544
TRX/BTC  -0.006349206349206423  -0.0031746031746031442  1534939190.382473
NEO/BTC  -0.002977552134834856  -0.007108644838175569  1534939190.3828385
LTC/BTC  -0.0010357130924964818  -0.0014329226083345833  1534939190.3831532
XRP/BTC  -0.0015692428403295258  -0.0015689350853108303  1534939191.6113715
TRX/BTC  -0.006349206349206423  -0.0031746031746031442  1534939191.6129827
NEO/BTC  -0.0029738515066652783  -0.007101183530588348  1534939191.6133482
LTC/BTC  -0.0010357130924964818  -0.0014329226083345833  1534939191.6135285
XRP/BTC  -0.0015692428403295258  -0.0015689350853108303  1534939192.769751
TRX/BTC  -0.006349206349206423  -0.0031746031746031442  1534939192.7703092
NEO/BTC  -0.002515185153769211  -0.0071160008149506295  1534939192.7705643
LTC/BTC  -0.0010357130924964818  -0.0014329226083345833  1534939192.7707427
XRP/BTC  -0.0015692428403295258  -0.0015689350853108303  1534939193.8950613
TRX/BTC  -0.006349206349206423  -0.0031746031746031442  1534939193.8955443
NEO/BTC  -0.002515185153769211  -0.006810177864514889  1534939193.8957202
LTC/BTC  -0.0010345610200910421  -0.0014329226083345833  1534939193.895861
XRP/BTC  -0.0015692428403295258  -0.0015689350853108303  1534939195.0011022
TRX/BTC  -0.006349206349206423  -0.0031746031746031442  1534939195.001413
NEO/BTC  -0.002515185153769211  -0.006810177864514889  1534939195.0015504
LTC/BTC  -0.0010345610200910421  -0.0014329226083345833  1534939195.0016656
XRP/BTC  -0.0015692428403295258  -0.0015689350853108303  1534939196.159367
TRX/BTC  -0.006349206349206423  -0.0031746031746031442  1534939196.159887
NEO/BTC  -0.002515185153769211  -0.006776623241966248  1534939196.1601179
LTC/BTC  -0.0010357130924964818  -0.0014329226083345833  1534939196.160346
XRP/BTC  -0.0015692428403295258  -0.0015689350853108303  1534939197.322529
TRX/BTC  -0.006349206349206423  -0.0031746031746031442  1534939197.3229134
NEO/BTC  -0.002515185153769211  -0.006772895088632806  1534939197.323079
LTC/BTC  -0.0010357130924964818  -0.0014329226083345833  1534939197.3232954
XRP/BTC  -0.0015692428403295258  -0.0015689350853108303  1534939198.4730704
TRX/BTC  -0.006349206349206423  -0.0031746031746031442  1534939198.4733264
NEO/BTC  -0.003051570433345101  -0.006772895088632806  1534939198.4734602
LTC/BTC  -0.0010357130924964818  -0.0014329226083345833  1534939198.4735584
XRP/BTC  -0.0015692428403295258  -0.0015689350853108303  1534939199.6401346
TRX/BTC  -0.006349206349206423  -0.0031746031746031442  1534939199.6406074
NEO/BTC  -0.0025484613341988623  -0.0064672804474900265  1534939199.640916
LTC/BTC  -0.0010357130924964818  -0.0014329226083345833  1534939199.6411543
XRP/BTC  -0.0015692428403295258  -0.0015689350853108303  1534939200.8648703
TRX/BTC  -0.006349206349206423  -0.0031746031746031442  1534939200.865779
NEO/BTC  -0.0025484613341988623  -0.0064672804474900265  1534939200.8660126
LTC/BTC  -0.0010357130924964818  -0.0014329226083345833  1534939200.8661742
XRP/BTC  -0.0015692428403295258  -0.0015689350853108303  1534939202.0158713
TRX/BTC  -0.006349206349206423  -0.0031746031746031442  1534939202.016172
NEO/BTC  -0.0025484613341988623  -0.006757982751406229  1534939202.0163505
LTC/BTC  -0.0010357130924964818  -0.0014329226083345833  1534939202.016474
XRP/BTC  -0.0015692428403295258  -0.0015689350853108303  1534939203.1680005
TRX/BTC  -0.006349206349206423  -0.0031746031746031442  1534939203.1688187
NEO/BTC  -0.0025484613341988623  -0.006757982751406229  1534939203.16901
LTC/BTC  -0.0010357130924964818  -0.001991324011260508  1534939203.169541
XRP/BTC  -0.0015692428403295258  -0.0015689350853108303  1534939204.3169484
TRX/BTC  -0.006349206349206423  -0.0031746031746031442  1534939204.3171937
NEO/BTC  -0.0025484613341988623  -0.006750526748453139  1534939204.317316
LTC/BTC  -0.0010357130924964818  -0.001991324011260508  1534939204.3174164
XRP/BTC  -0.0015692428403295258  -0.0015689350853108303  1534939205.4751039
TRX/BTC  -0.006349206349206423  -0.0031746031746031442  1534939205.4756002
NEO/BTC  -0.0025484613341988623  -0.006750526748453139  1534939205.475751
LTC/BTC  -0.0010357130924964818  -0.001991324011260508  1534939205.475871
XRP/BTC  -0.0015692428403295258  -0.0015689350853108303  1534939206.6254132
TRX/BTC  -0.006349206349206423  -0.0031746031746031442  1534939206.625818
NEO/BTC  -0.002515185153769211  -0.00674679878839055  1534939206.6260674
LTC/BTC  -0.0010357130924964818  -0.001991324011260508  1534939206.6263041
XRP/BTC  -0.0015692428403295258  -0.0021572857423024913  1534939207.7286391
TRX/BTC  -0.006349206349206423  -0.0031746031746031442  1534939207.7288818
NEO/BTC  -0.002515185153769211  -0.006623791593079269  1534939207.729011
LTC/BTC  -0.0010357130924964818  -0.002037472887535297  1534939207.7291625
XRP/BTC  -0.0015692428403295258  -0.0019611688566386043  1534939208.87495
TRX/BTC  -0.006349206349206423  -0.0031746031746031442  1534939208.8756845
NEO/BTC  -0.002515185153769211  -0.006623791593079269  1534939208.8759599
LTC/BTC  -0.0010357130924964818  -0.0020351654437215675  1534939208.8762095
XRP/BTC  -0.0015692428403295258  -0.0019611688566386043  1534939210.0296438
TRX/BTC  -0.006349206349206423  -0.0031746031746031442  1534939210.0299745
NEO/BTC  -0.002515185153769211  -0.006612610611277791  1534939210.0301342
LTC/BTC  -0.0010357130924964818  -0.0020328579999078383  1534939210.0302944
XRP/BTC  -0.0015692428403295258  -0.0023534026279662455  1534939211.1347973
TRX/BTC  -0.006349206349206423  -0.0031746031746031442  1534939211.1351779
NEO/BTC  -0.002515185153769211  -0.006612610611277791  1534939211.1354399
LTC/BTC  -0.0010357130924964818  -0.0020305505560941086  1534939211.1355991
XRP/BTC  -0.0015692428403295258  -0.0021572857423024913  1534939212.2954135
TRX/BTC  -0.006349206349206423  -0.0031746031746031442  1534939212.295657
NEO/BTC  -0.002515185153769211  -0.006612610611277791  1534939212.29579
LTC/BTC  -0.0010357130924964818  -0.001970557016936743  1534939212.295906
XRP/BTC  -0.0013728181996470763  -0.0021572857423024913  1534939213.3930514
TRX/BTC  -0.006349206349206423  -0.0031746031746031442  1534939213.3932724
NEO/BTC  -0.0027111766875692186  -0.006310817963438054  1534939213.3933814
LTC/BTC  -0.0010357130924964818  -0.001967095851216149  1534939213.3934588
XRP/BTC  -0.0011764705882353493  -0.0021572857423024913  1534939214.540359
TRX/BTC  -0.006349206349206423  -0.0031746031746031442  1534939214.5407405
NEO/BTC  -0.0027111766875692186  -0.006310817963438054  1534939214.5409062
LTC/BTC  -0.0010357130924964818  -0.00196478840740242  1534939214.5410676
XRP/BTC  -0.0011764705882353493  -0.0021572857423024913  1534939215.6953373
TRX/BTC  -0.006349206349206423  -0.0031746031746031442  1534939215.6957476
NEO/BTC  -0.0023414454277286205  -0.006303368582352916  1534939215.6959643
LTC/BTC  -0.0010357130924964818  -0.00196248096358869  1534939215.6961105
XRP/BTC  -0.0015692428403295258  -0.0021572857423024913  1534939216.9049773
TRX/BTC  -0.006349206349206423  -0.0031746031746031442  1534939216.9054396
NEO/BTC  -0.0016803068770980094  -0.006303368582352916  1534939216.9056919
LTC/BTC  -0.0010357130924964818  -0.001960173519774961  1534939216.9059317
XRP/BTC  -0.0015692428403295258  -0.0029417532849579063  1534939218.0467706
TRX/BTC  -0.006349206349206423  -0.0031746031746031442  1534939218.0471745
NEO/BTC  -0.0016803068770980094  -0.006295919311557334  1534939218.0474286
LTC/BTC  -0.0010357130924964818  -0.001957866075961231  1534939218.0476549
XRP/BTC  -0.0015692428403295258  -0.0023534026279662455  1534939219.2156408
TRX/BTC  -0.006349206349206423  -0.0031746031746031442  1534939219.2160535
NEO/BTC  -0.0016803068770980094  -0.006295919311557334  1534939219.2162678
LTC/BTC  -0.0010357130924964818  -0.0019555586321473016  1534939219.216492
XRP/BTC  -0.0013728181996470763  -0.0021572857423024913  1534939220.3721635
TRX/BTC  -0.006349206349206423  -0.0031746031746031442  1534939220.372578
NEO/BTC  -0.0016803068770980094  -0.006919365342490071  1534939220.3727314
LTC/BTC  -0.0010357130924964818  -0.0019532511883335723  1534939220.3728714
XRP/BTC  -0.0013728181996470763  -0.0021572857423024913  1534939221.5503283
TRX/BTC  -0.006349206349206423  -0.0031746031746031442  1534939221.5506315
NEO/BTC  -0.0016803068770980094  -0.006919365342490071  1534939221.5507789
LTC/BTC  -0.0010357130924964818  -0.0019509437445198428  1534939221.5509079
XRP/BTC  -0.0013728181996470763  -0.0021572857423024913  1534939222.695912
TRX/BTC  -0.006349206349206423  -0.0031746031746031442  1534939222.6962304
NEO/BTC  -0.0016803068770980094  -0.006919365342490071  1534939222.69654
LTC/BTC  -0.0010357130924964818  -0.0018321103881121768  1534939222.6966665
XRP/BTC  -0.0013728181996470763  -0.0021572857423024913  1534939223.8205097
TRX/BTC  -0.006349206349206423  -0.0031746031746031442  1534939223.8211179
NEO/BTC  -0.0016655427937638115  -0.006919365342490071  1534939223.8213646
LTC/BTC  -0.0010357130924964818  -0.0019497900226129782  1534939223.821618
XRP/BTC  -0.0013728181996470763  -0.0021572857423024913  1534939224.9290974
TRX/BTC  -0.006349206349206423  -0.0031746031746031442  1534939224.9294386
NEO/BTC  -0.0016655427937638115  -0.006919365342490071  1534939224.929602
LTC/BTC  -0.0010357130924964818  -0.0019486363007061136  1534939224.9297915
XRP/BTC  -0.0013728181996470763  -0.0019611688566386043  1534939226.1973212
TRX/BTC  -0.006349206349206423  -0.0031746031746031442  1534939226.1988018
NEO/BTC  -0.0016655427937638115  -0.006911939376223404  1534939226.199078
LTC/BTC  -0.0010357130924964818  -0.001946328856892384  1534939226.199257
XRP/BTC  -0.0013728181996470763  -0.0019611688566386043  1534939227.3616757
TRX/BTC  -0.006349206349206423  -0.0031746031746031442  1534939227.3620443
NEO/BTC  -0.0016655427937638115  -0.006610243472985716  1534939227.3622823
LTC/BTC  -0.0010357130924964818  -0.0019440214130786546  1534939227.3624449
XRP/BTC  -0.0013728181996470763  -0.0017650519709747174  1534939228.5938203
TRX/BTC  -0.006349206349206423  -0.0031746031746031442  1534939228.5943542
NEO/BTC  -0.0016655427937638115  -0.006610243472985716  1534939228.5946307
LTC/BTC  -0.0010357130924964818  -0.0019417139692649251  1534939228.594823
XRP/BTC  -0.0013728181996470763  -0.0017650519709747174  1534939229.7158864
TRX/BTC  -0.006349206349206423  -0.0031746031746031442  1534939229.7161992
NEO/BTC  -0.0016655427937638115  -0.006904487917146221  1534939229.7164435
LTC/BTC  -0.0010357130924964818  -0.0019394065254511956  1534939229.7166455
XRP/BTC  -0.0013728181996470763  -0.0017650519709747174  1534939230.8240082
TRX/BTC  -0.006349206349206423  -0.0031746031746031442  1534939230.8242495
NEO/BTC  -0.001912898612687777  -0.006904487917146221  1534939230.824339
LTC/BTC  -0.0010357130924964818  -0.001938252803544331  1534939230.8244126
XRP/BTC  -0.0013728181996470763  -0.0017650519709747174  1534939231.9175928
TRX/BTC  -0.006349206349206423  -0.0031746031746031442  1534939231.918346
NEO/BTC  -0.0006405041577554654  -0.006599073022590101  1534939231.9185572
LTC/BTC  -0.0010357130924964818  -0.002260141215561388  1534939231.918744
XRP/BTC  -0.0013728181996470763  -0.0017650519709747174  1534939233.030816
TRX/BTC  -0.006349206349206423  -0.0031746031746031442  1534939233.031181
NEO/BTC  -0.0006405041577554654  -0.006599073022590101  1534939233.0313911
LTC/BTC  -0.0010357130924964818  -0.0022578337717476587  1534939233.0316532
XRP/BTC  -0.0015692428403295258  -0.0017650519709747174  1534939234.1873295
TRX/BTC  -0.006349206349206423  -0.0031746031746031442  1534939234.1876593
NEO/BTC  -0.0006405041577554654  -0.0068746831836666135  1534939234.1878057
LTC/BTC  -0.0010357130924964818  -0.0022336056117034995  1534939234.188031
XRP/BTC  -0.0015692428403295258  -0.0017650519709747174  1534939235.3389676
TRX/BTC  -0.006349206349206423  -0.0031746031746031442  1534939235.3392427
NEO/BTC  -0.0006405041577554654  -0.0068746577471251675  1534939235.3393319
LTC/BTC  -0.0010357130924964818  -0.0022301444459829054  1534939235.3394172
XRP/BTC  -0.0015692428403295258  -0.0017650519709747174  1534939236.4909935
TRX/BTC  -0.006349206349206423  -0.0031746031746031442  1534939236.4913242
NEO/BTC  -0.0006405041577554654  -0.006870932293381731  1534939236.491542
LTC/BTC  -0.0010357130924964818  -0.0021182334210162273  1534939236.4916706
XRP/BTC  -0.0015692428403295258  -0.0017650519709747174  1534939237.6441188
TRX/BTC  -0.006349206349206423  -0.0031746031746031442  1534939237.644502
NEO/BTC  -0.0012965821064302044  -0.008025337719087276  1534939237.6446693
LTC/BTC  -0.0010357130924964818  -0.002115925977202498  1534939237.6448708
XRP/BTC  -0.0015692428403295258  -0.0017650519709747174  1534939238.7890317
TRX/BTC  -0.006349206349206423  -0.0031746031746031442  1534939238.7894788
NEO/BTC  -0.0012965821064302044  -0.006771006771006675  1534939238.7897203
LTC/BTC  -0.0010357130924964818  -0.0021136185333887688  1534939238.7899442
XRP/BTC  -0.0015692428403295258  -0.0017650519709747174  1534939239.9724603
TRX/BTC  -0.006349206349206423  -0.0031746031746031442  1534939239.972691
NEO/BTC  -0.0012965821064302044  -0.006763556713236983  1534939239.9728038
LTC/BTC  -0.0010357130924964818  -0.0017755780146754053  1534939239.9729023
XRP/BTC  -0.0015692428403295258  -0.0017650519709747174  1534939241.1502185
TRX/BTC  -0.006349206349206423  -0.0031746031746031442  1534939241.1504552
NEO/BTC  -0.0019719867305565374  -0.0067561317630691845  1534939241.1505766
LTC/BTC  -0.0010357130924964818  -0.0017732705708616758  1534939241.1506667
XRP/BTC  -0.0015692428403295258  -0.0017650519709747174  1534939242.2862875
TRX/BTC  -0.006349206349206423  -0.0031746031746031442  1534939242.2865222
NEO/BTC  -0.0019719867305565374  -0.0067561317630691845  1534939242.2866075
LTC/BTC  -0.0010357130924964818  -0.0017698094051410817  1534939242.2866814
XRP/BTC  -0.0017657445556209697  -0.0017650519709747174  1534939243.441416
TRX/BTC  -0.006349206349206423  -0.0031746031746031442  1534939243.4416523
NEO/BTC  -0.0019719867305565374  -0.00674868189806682  1534939243.4417777
LTC/BTC  -0.0010357130924964818  -0.001768655683234217  1534939243.4419127
XRP/BTC  -0.0015692428403295258  -0.0017650519709747174  1534939244.6002033
TRX/BTC  -0.006349206349206423  -0.0031746031746031442  1534939244.600514
NEO/BTC  -0.0019719867305565374  -0.00674868189806682  1534939244.600653
LTC/BTC  -0.0010357130924964818  -0.0017675019613273522  1534939244.600812
XRP/BTC  -0.0015692428403295258  -0.0017650519709747174  1534939245.7456539
TRX/BTC  -0.006349206349206423  -0.0031746031746031442  1534939245.7463536
NEO/BTC  -0.0024375493225752506  -0.006180762331009257  1534939245.7465942
LTC/BTC  -0.0010357130924964818  -0.0017755780146754053  1534939245.746802
XRP/BTC  -0.0013728181996470763  -0.0017650519709747174  1534939246.953492
TRX/BTC  -0.006349206349206423  -0.0031746031746031442  1534939246.953814
NEO/BTC  -0.0024375493225752506  -0.006180762331009257  1534939246.9539878
LTC/BTC  -0.0010357130924964818  -0.0017732705708616758  1534939246.9541528
XRP/BTC  -0.0017657445556209697  -0.0017650519709747174  1534939248.101467
TRX/BTC  -0.006349206349206423  -0.0031746031746031442  1534939248.1018093
NEO/BTC  -0.0024375493225752506  -0.006463691222773467  1534939248.1020567
LTC/BTC  -0.0010357130924964818  -0.0017755780146754053  1534939248.1023967
XRP/BTC  -0.0017657445556209697  -0.0029417532849579063  1534939249.2608876
TRX/BTC  -0.006349206349206423  -0.0031746031746031442  1534939249.2632558
NEO/BTC  -0.0024375493225752506  -0.006463691222773467  1534939249.263592
LTC/BTC  -0.0010357130924964818  -0.0022336056117034995  1534939249.2637699
XRP/BTC  -0.0017657445556209697  -0.0021572857423024913  1534939250.433591
TRX/BTC  -0.006349206349206423  -0.0031746031746031442  1534939250.4338827
NEO/BTC  -0.0024375493225752506  -0.006448796261696125  1534939250.434029
LTC/BTC  -0.0010357130924964818  -0.0014329226083345833  1534939250.434172
XRP/BTC  -0.0017657445556209697  -0.0021572857423024913  1534939251.5448055
TRX/BTC  -0.006349206349206423  -0.0031746031746031442  1534939251.5451808
NEO/BTC  -0.0024375493225752506  -0.006445072590312324  1534939251.5453901
LTC/BTC  -0.0013160351157811086  -0.0014317688864277185  1534939251.5455356
XRP/BTC  -0.0015692428403295258  -0.0021572857423024913  1534939252.7825742
TRX/BTC  -0.006349206349206423  -0.0031746031746031442  1534939252.7829945
NEO/BTC  -0.0030848822320378396  -0.007965695342676458  1534939252.78319
LTC/BTC  -0.001604596153580209  -0.0014317688864277185  1534939252.783354
XRP/BTC  -0.0015692428403295258  -0.0021572857423024913  1534939253.8918726
TRX/BTC  -0.006349206349206423  -0.0031746031746031442  1534939253.8921478
NEO/BTC  -0.0023931913889360273  -0.006393227914135296  1534939253.8923323
LTC/BTC  -0.001604596153580209  -0.0014317688864277185  1534939253.8924854
XRP/BTC  -0.0015692428403295258  -0.0021572857423024913  1534939254.982162
TRX/BTC  -0.006349206349206423  -0.0031746031746031442  1534939254.9824696
NEO/BTC  -0.0023931913889360273  -0.006389528129462785  1534939254.9825897
LTC/BTC  -0.001906031384369241  -0.0014317688864277185  1534939254.9826927
XRP/BTC  -0.0015692428403295258  -0.0021572857423024913  1534939256.1308959
TRX/BTC  -0.006349206349206423  -0.0031746031746031442  1534939256.131187
NEO/BTC  -0.0023931913889360273  -0.006389528129462785  1534939256.13138
LTC/BTC  -0.001904876113868325  -0.0014317688864277185  1534939256.1316087
XRP/BTC  -0.0021589793915604326  -0.0021572857423024913  1534939257.3378003
TRX/BTC  -0.006349206349206423  -0.0031746031746031442  1534939257.3380232
NEO/BTC  -0.0023931913889360273  -0.006389528129462785  1534939257.33814
LTC/BTC  -0.0019025655808591398  -0.0014317688864277185  1534939257.338269
XRP/BTC  -0.0021589793915604326  -0.0021572857423024913  1534939258.5012836
TRX/BTC  -0.006349206349206423  -0.0031746031746031442  1534939258.5017436
NEO/BTC  -0.0023931913889360273  -0.006389528129462785  1534939258.5019176
LTC/BTC  -0.0019002550585067556  -0.0014317688864277185  1534939258.5021112
XRP/BTC  -0.0021589793915604326  -0.0021572857423024913  1534939259.6473055
TRX/BTC  -0.006349206349206423  -0.0031746031746031442  1534939259.6475558
NEO/BTC  -0.0023931913889360273  -0.006389528129462785  1534939259.6477106
LTC/BTC  -0.001897944546811099  -0.0014317688864277185  1534939259.647825
XRP/BTC  -0.0021589793915604326  -0.0021572857423024913  1534939260.7545955
TRX/BTC  -0.006349206349206423  -0.0031746031746031442  1534939260.7549012
NEO/BTC  -0.002859145576625081  -0.00574946538111485  1534939260.755065
LTC/BTC  -0.0018956340457720957  -0.0014317688864277185  1534939260.755205
XRP/BTC  -0.0021589793915604326  -0.0021572857423024913  1534939261.9261062
TRX/BTC  -0.006349206349206423  -0.0031746031746031442  1534939261.9268496
NEO/BTC  -0.002859145576625081  -0.005745744338425505  1534939261.926978
LTC/BTC  -0.0018944787992488162  -0.0014317688864277185  1534939261.9270744
XRP/BTC  -0.0021589793915604326  -0.0021572857423024913  1534939263.0690653
TRX/BTC  -0.006349206349206423  -0.0031746031746031442  1534939263.0693057
NEO/BTC  -0.002859145576625081  -0.005742044567441351  1534939263.0694509
LTC/BTC  -0.001933758675680998  -0.0014317688864277185  1534939263.0695615
XRP/BTC  -0.0021589793915604326  -0.0021572857423024913  1534939264.258984
TRX/BTC  -0.006349206349206423  -0.0031746031746031442  1534939264.25922
NEO/BTC  -0.002859145576625081  -0.002067989295114265  1534939264.259371
LTC/BTC  -0.0020331274066267635  -0.00295468180349815  1534939264.2594976
XRP/BTC  -0.0021589793915604326  -0.0021572857423024913  1534939265.399337
TRX/BTC  -0.006349206349206423  -0.0031746031746031442  1534939265.3996413
NEO/BTC  -0.002859145576625081  -0.002067989295114265  1534939265.3998048
LTC/BTC  -0.0020308162820495026  -0.0028658452166689663  1534939265.3999534
XRP/BTC  -0.0021589793915604326  -0.0021572857423024913  1534939266.559931
TRX/BTC  -0.006349206349206423  -0.0031746031746031442  1534939266.5601985
NEO/BTC  -0.002859145576625081  -0.0020643030396861163  1534939266.5603757
LTC/BTC  -0.0020285051681331358  -0.0028658452166689663  1534939266.5605123
XRP/BTC  -0.001962323390894867  -0.00039223377132777403  1534939267.7175183
TRX/BTC  -0.006349206349206423  -0.0031746031746031442  1534939267.7180178
NEO/BTC  -0.003451458102620887  -0.002060616784258127  1534939267.7181094
LTC/BTC  -0.002026194064877389  -0.0028658452166689663  1534939267.7182276
XRP/BTC  -0.001962323390894867  -0.00039223377132777403  1534939268.8825383
TRX/BTC  -0.006349206349206423  -0.0031746031746031442  1534939268.883
NEO/BTC  -0.0031811287471445425  -0.0020237542299780748  1534939268.8831766
LTC/BTC  -0.002023882972282589  -0.0028658452166689663  1534939268.883343
XRP/BTC  -0.0017657445556209697  -0.00039223377132777403  1534939270.0209866
TRX/BTC  -0.006349206349206423  -0.0031746031746031442  1534939270.0214567
NEO/BTC  -0.0031811287471445425  -0.0020200679745500856  1534939270.0217218
LTC/BTC  -0.002021571890348462  -0.0028658452166689663  1534939270.0219479
XRP/BTC  -0.0017657445556209697  -0.00039223377132777403  1534939271.182051
TRX/BTC  -0.006349206349206423  -0.0031746031746031442  1534939271.1827745
NEO/BTC  -0.0031811287471445425  -0.0020200679745500856  1534939271.1830692
LTC/BTC  -0.0020192608190749335  -0.0028658452166689663  1534939271.1833613
XRP/BTC  -0.0017657445556209697  -0.00019611688566388701  1534939272.350752
TRX/BTC  -0.006349206349206423  -0.0031746031746031442  1534939272.3513145
NEO/BTC  -0.0031811287471445425  -0.0020200679745500856  1534939272.3515155
LTC/BTC  -0.0019869069405669226  -0.0028658452166689663  1534939272.351773
XRP/BTC  -0.0021589793915604326  -0.00019611688566388701  1534939273.549475
TRX/BTC  -0.006349206349206423  -0.0031746031746031442  1534939273.549711
NEO/BTC  -0.0031811287471445425  -0.0020200679745500856  1534939273.5498147
LTC/BTC  -0.0019845960291935277  -0.0028658452166689663  1534939273.5499036
XRP/BTC  -0.0021589793915604326  -0.00019611688566388701  1534939274.6949317
TRX/BTC  -0.006349206349206423  -0.0031746031746031442  1534939274.6952438
NEO/BTC  -0.0031811287471445425  -0.0020200679745500856  1534939274.6954174
LTC/BTC  -0.0019811296821198227  -0.0028658452166689663  1534939274.6955538
XRP/BTC  -0.0021589793915604326  -0.00019611688566388701  1534939275.7971876
TRX/BTC  -0.006349206349206423  -0.0031746031746031442  1534939275.7976213
NEO/BTC  -0.0035255463673951925  -0.0016256386437528405  1534939275.7977738
LTC/BTC  -0.0019788187973948366  -0.0017582721860724345  1534939275.7978978
XRP/BTC  -0.0021589793915604326  -0.00019611688566388701  1534939276.9346068
TRX/BTC  -0.006349206349206423  -0.0031746031746031442  1534939276.934913
NEO/BTC  -0.0035255463673951925  -0.0016256386437528405  1534939276.9350421
LTC/BTC  -0.001976507923329085  -0.0017582721860724345  1534939276.935184
XRP/BTC  -0.0021589793915604326  -0.00019611688566388701  1534939278.0436208
TRX/BTC  -0.006349206349206423  -0.0031746031746031442  1534939278.0523057
NEO/BTC  -0.0035255463673951925  -0.0016256386437528405  1534939278.0527866
LTC/BTC  -0.001974197059922494  -0.0017582721860724345  1534939278.0529742
XRP/BTC  -0.0021589793915604326  -0.00039223377132777403  1534939279.2146919
TRX/BTC  -0.006349206349206423  -0.0031746031746031442  1534939279.2150195
NEO/BTC  -0.0035255463673951925  -0.0016256386437528405  1534939279.2151697
LTC/BTC  -0.00197188620717499  -0.0028658452166689663  1534939279.215376
XRP/BTC  -0.0021589793915604326  -0.00039223377132777403  1534939280.3642209
TRX/BTC  -0.006349206349206423  -0.0031746031746031442  1534939280.3645241
NEO/BTC  -0.0035255463673951925  -0.0016256386437528405  1534939280.3646734
LTC/BTC  -0.001969575365086499  -0.0028658452166689663  1534939280.3648076
XRP/BTC  -0.0017657445556209697  -0.00039223377132777403  1534939281.5198262
TRX/BTC  -0.006349206349206423  -0.0031746031746031442  1534939281.520219
NEO/BTC  -0.0035255463673951925  -0.0016256386437528405  1534939281.5203986
LTC/BTC  -0.001967264533656948  -0.0028658452166689663  1534939281.5205383
ADA/BTC  -0.003511235955056265  -0.006311360448807793  1534939282.8234098
XRP/BTC  -0.0017657445556209697  -0.00039223377132777403  1534939282.8240178
TRX/BTC  -0.006349206349206423  -0.0031746031746031442  1534939282.8242815
NEO/BTC  -0.005306952662721973  -0.0016256386437528405  1534939282.824449
LTC/BTC  -0.0019649537128862624  -0.0028658452166689663  1534939282.824599
XRP/BTC  -0.0017657445556209697  -0.00039223377132777403  1534939283.9295511
TRX/BTC  -0.006349206349206423  -0.0031746031746031442  1534939283.9298928
NEO/BTC  -0.004927874840112162  -7.003885313211502e-05  1534939283.93011
LTC/BTC  -0.001961487501715446  -0.0028658452166689663  1534939283.9303493
XRP/BTC  -0.0017657445556209697  -0.00039223377132777403  1534939285.023002
TRX/BTC  -0.006349206349206423  -0.0031746031746031442  1534939285.0234184
NEO/BTC  -0.004927874840112162  -7.003885313211502e-05  1534939285.023618
LTC/BTC  -0.0019603321033211936  -0.0028658452166689663  1534939285.0238404
XRP/BTC  -0.0017657445556209697  -0.00039223377132777403  1534939286.1790318
TRX/BTC  -0.006349206349206423  -0.0031746031746031442  1534939286.1793149
NEO/BTC  -0.004927874840112162  -7.003885313211502e-05  1534939286.1794631
LTC/BTC  -0.0019568659241261657  -0.0028658452166689663  1534939286.1795778
XRP/BTC  -0.0017657445556209697  -0.00039223377132777403  1534939287.437989
TRX/BTC  -0.006349206349206423  -0.0031746031746031442  1534939287.4382913
NEO/BTC  -0.004924178009774516  -7.003885313211502e-05  1534939287.4383965
LTC/BTC  -0.0017558685554262745  -0.003198117125848006  1534939287.4384892
XRP/BTC  -0.0017657445556209697  -0.00039223377132777403  1534939288.6011653
TRX/BTC  -0.006349206349206423  -0.0031746031746031442  1534939288.601905
NEO/BTC  -0.004924178009774516  -7.003885313211502e-05  1534939288.6020348
LTC/BTC  -0.0017535587096298014  -0.003198117125848006  1534939288.6021616
XRP/BTC  -0.0017657445556209697  -0.0025495195136301324  1534939289.6974788
TRX/BTC  -0.006349206349206423  -0.0031746031746031442  1534939289.69796
NEO/BTC  -0.005522654721259535  0.0004386643959334356  1534939289.6980739
LTC/BTC  -0.0017512488744853753  -0.003198117125848006  1534939289.6981647
XRP/BTC  -0.0017657445556209697  -0.0023534026279662455  1534939290.8439264
TRX/BTC  -0.006349206349206423  -0.0031746031746031442  1534939290.8442519
NEO/BTC  -0.005522654721259535  0.0004386643959334356  1534939290.8444343
LTC/BTC  -0.0017558685554262745  -0.003198117125848006  1534939290.8445761
XRP/BTC  -0.0017657445556209697  -0.0023534026279662455  1534939292.0545757
TRX/BTC  -0.006349206349206423  -0.0031746031746031442  1534939292.0549254
NEO/BTC  -0.005522654721259535  0.0004386643959334356  1534939292.0550575
LTC/BTC  -0.001752403790726087  -0.003082744935160934  1534939292.055168
XRP/BTC  -0.0017657445556209697  -0.0023534026279662455  1534939293.203232
TRX/BTC  -0.006349206349206423  -0.0031746031746031442  1534939293.2036073
NEO/BTC  -0.005522654721259535  0.0004386643959334356  1534939293.2038357
LTC/BTC  -0.0017500939609076571  -0.003082744935160934  1534939293.2040606
XRP/BTC  -0.0017657445556209697  -0.0023534026279662455  1534939294.3689032
TRX/BTC  -0.006349206349206423  -0.0031746031746031442  1534939294.3693492
NEO/BTC  -0.005522654721259535  0.0004386643959334356  1534939294.3695772
LTC/BTC  -0.0017477841417411634  -0.003082744935160934  1534939294.369782
XRP/BTC  -0.0017657445556209697  -0.0023534026279662455  1534939295.5157275
TRX/BTC  -0.006349206349206423  -0.0031746031746031442  1534939295.5160625
NEO/BTC  -0.005522654721259535  0.0004386643959334356  1534939295.5162196
LTC/BTC  -0.0017454743332265326  -0.002908532927223361  1534939295.5166466
ADA/BTC  -0.003511235955056265  -0.009116409537166813  1534939296.9958198
XRP/BTC  -0.0017657445556209697  -0.0023534026279662455  1534939296.9961386
TRX/BTC  -0.006349206349206423  -0.0031746031746031442  1534939296.9962475
NEO/BTC  -0.005950574704136505  0.0003759980536571391  1534939296.9963522
LTC/BTC  -0.001742009640426668  -0.0027873921270017655  1534939296.9964404
ADA/BTC  -0.003511235955056265  -0.007713884992987303  1534939298.1647873
XRP/BTC  -0.0017657445556209697  -0.0023534026279662455  1534939298.16528
TRX/BTC  -0.006349206349206423  -0.0031746031746031442  1534939298.1655428
NEO/BTC  -0.005496619172326121  0.00046446818392952  1534939298.1657767
LTC/BTC  -0.0017396998585413716  -0.0027873921270017655  1534939298.1660042
XRP/BTC  -0.0017657445556209697  -0.0023534026279662455  1534939299.2549832
TRX/BTC  -0.006349206349206423  -0.0031746031746031442  1534939299.2552333
NEO/BTC  -0.005496619172326121  0.00046446818392952  1534939299.25537
LTC/BTC  -0.0017362352056851636  -0.0027873921270017655  1534939299.2554824
XRP/BTC  -0.0017657445556209697  -0.0023534026279662455  1534939300.4180663
TRX/BTC  -0.006349206349206423  -0.0031746031746031442  1534939300.4184387
NEO/BTC  -0.005496619172326121  0.00046446818392952  1534939300.4186087
LTC/BTC  -0.001962642902774369  -0.0027873921270017655  1534939300.418742
XRP/BTC  -0.0017657445556209697  -0.0023534026279662455  1534939301.5824952
TRX/BTC  -0.006349206349206423  -0.0031746031746031442  1534939301.5828722
NEO/BTC  -0.0055003181085120515  0.00046446818392952  1534939301.583137
LTC/BTC  -0.0017327705767948179  -0.002628178503853434  1534939301.5834143
XRP/BTC  -0.0015692428403295258  -0.0023534026279662455  1534939302.7273347
TRX/BTC  -0.006349206349206423  -0.0031746031746031442  1534939302.7276895
NEO/BTC  -0.0055003181085120515  0.00046446818392952  1534939302.727834
LTC/BTC  -0.00173161570582374  -0.0026224098943191105  1534939302.7279603
XRP/BTC  -0.0013728181996470763  -0.0023534026279662455  1534939303.8797522
TRX/BTC  -0.006349206349206423  -0.0031746031746031442  1534939303.8800366
NEO/BTC  -0.006043648987235489  0.00010321515198433777  1534939303.8801358
LTC/BTC  -0.001729305971870086  -0.002493193040749462  1534939303.8802152
XRP/BTC  -0.0013728181996470763  -0.0023534026279662455  1534939305.0741754
TRX/BTC  -0.006349206349206423  -0.0031746031746031442  1534939305.0745351
NEO/BTC  -0.00528838330793926  0.0003022729450970349  1534939305.0746906
LTC/BTC  -0.0017281511088874909  -0.002493193040749462  1534939305.074866
XRP/BTC  -0.0013728181996470763  -0.0021572857423024913  1534939306.1932948
TRX/BTC  -0.006349206349206423  -0.0031746031746031442  1534939306.193599
NEO/BTC  -0.00528838330793926  0.0003022729450970349  1534939306.1937513
LTC/BTC  -0.0017246865359165236  -0.002493193040749462  1534939306.1938853
ADA/BTC  -0.003511235955056265  -0.0091292134831461  1534939307.3571823
XRP/BTC  -0.0013728181996470763  -0.0021572857423024913  1534939307.3576198
TRX/BTC  -0.006349206349206423  -0.0031746031746031442  1534939307.357818
NEO/BTC  -0.00528838330793926  0.0003059592005250241  1534939307.3579621
LTC/BTC  -0.001722376833916268  -0.002493193040749462  1534939307.3581192
XRP/BTC  -0.0013728181996470763  -0.0019611688566386043  1534939308.508603
TRX/BTC  -0.006349206349206423  -0.0031746031746031442  1534939308.5090845
NEO/BTC  -0.00528838330793926  0.0003059592005250241  1534939308.5092585
LTC/BTC  -0.0017212219869103896  -0.002493193040749462  1534939308.5094304
XRP/BTC  -0.0013728181996470763  -0.0007843137254901886  1534939309.6754613
TRX/BTC  -0.006349206349206423  -0.0031746031746031442  1534939309.6759915
NEO/BTC  -0.00529208147808465  0.0003059592005250241  1534939309.6761482
LTC/BTC  -0.0017189123008868852  -0.002493193040749462  1534939309.6762626
XRP/BTC  -0.0013728181996470763  -0.0007843137254901886  1534939310.8265455
TRX/BTC  -0.006349206349206423  -0.0031746031746031442  1534939310.8273299
NEO/BTC  -0.006114374331471596  0.0003059592005250241  1534939310.8274896
LTC/BTC  -0.0017166026255143226  -0.002493193040749462  1534939310.8276532
XRP/BTC  -0.0013728181996470763  -0.0009805844283193022  1534939311.9325147
TRX/BTC  -0.006349206349206423  -0.0031746031746031442  1534939311.932729
NEO/BTC  -0.005664014087894012  0.0006708984878980357  1534939311.9328306
LTC/BTC  -0.0017131381324258334  -0.002493193040749462  1534939311.9329886
ADA/BTC  -0.003511235955056265  -0.008421052631578866  1534939313.1504533
XRP/BTC  -0.0013728181996470763  -0.0007844675426554151  1534939313.1514726
TRX/BTC  -0.006349206349206423  -0.0031746031746031442  1534939313.1516845
NEO/BTC  -0.005664014087894012  0.0006708984878980357  1534939313.1518214
LTC/BTC  -0.0017108284836803032  -0.002493193040749462  1534939313.1519277
XRP/BTC  -0.0013728181996470763  -0.0007844675426554151  1534939314.316521
TRX/BTC  -0.006349206349206423  -0.0031746031746031442  1534939314.3168032
NEO/BTC  -0.005660314535909779  0.0006708984878980357  1534939314.3169165
LTC/BTC  -0.0017085188455854567  -0.002493193040749462  1534939314.3170667
XRP/BTC  -0.0013728181996470763  -0.0007844675426554151  1534939315.4655147
TRX/BTC  -0.006349206349206423  -0.0031746031746031442  1534939315.4658694
NEO/BTC  -0.005656614983925546  0.0006708984878980357  1534939315.4660616
LTC/BTC  -0.0017062092181412208  -0.002493193040749462  1534939315.4663014
XRP/BTC  -0.0013728181996470763  -0.0007844675426554151  1534939316.6200144
TRX/BTC  -0.006349206349206423  -0.0031746031746031442  1534939316.6206193
NEO/BTC  -0.005656614983925546  0.0006708984878980357  1534939316.6207728
LTC/BTC  -0.0017038996013475213  -0.002493193040749462  1534939316.6209157
XRP/BTC  -0.0013728181996470763  -0.0007844675426554151  1534939317.7784028
TRX/BTC  -0.006349206349206423  -0.0031746031746031442  1534939317.7786498
NEO/BTC  -0.00618520067663359  0.0006708984878980357  1534939317.778747
LTC/BTC  -0.0013310361915079656  -0.002493193040749462  1534939317.7788289
XRP/BTC  -0.0013728181996470763  -0.0007844675426554151  1534939319.0241842
TRX/BTC  -0.006349206349206423  -0.0031746031746031442  1534939319.0244741
NEO/BTC  -0.0057198671037346095  0.0006708984878980357  1534939319.0246089
LTC/BTC  -0.0013298822466483113  -0.0026224098943191105  1534939319.024732
XRP/BTC  -0.0013728181996470763  -0.0007844675426554151  1534939320.1761062
TRX/BTC  -0.006349206349206423  -0.0031746031746031442  1534939320.1764276
NEO/BTC  -0.005712467534389428  0.0006708984878980357  1534939320.1765828
LTC/BTC  -0.0013275743649078966  -0.0026224098943191105  1534939320.1767411
XRP/BTC  -0.0013728181996470763  -0.0007844675426554151  1534939321.3376806
TRX/BTC  -0.006349206349206423  -0.0031746031746031442  1534939321.338032
NEO/BTC  -0.005712467534389428  0.0006708984878980357  1534939321.3383243
LTC/BTC  -0.0020227274299829457  -0.0026212561724122457  1534939321.3385205
XRP/BTC  -0.0013728181996470763  -0.0007844675426554151  1534939322.5417469
TRX/BTC  -0.006349206349206423  -0.0031746031746031442  1534939322.5421004
NEO/BTC  -0.005712467534389428  0.0006708984878980357  1534939322.5423346
LTC/BTC  -0.0020227274299829457  -0.0026189487285985164  1534939322.5425537
XRP/BTC  -0.0013728181996470763  -0.0007844675426554151  1534939323.6499808
TRX/BTC  -0.006349206349206423  -0.0031746031746031442  1534939323.6503875
NEO/BTC  -0.005708767749716919  0.0006708984878980357  1534939323.6505837
LTC/BTC  -0.0020227274299829457  -0.0026166412847847867  1534939323.6507323
XRP/BTC  -0.0013728181996470763  -0.0007844675426554151  1534939324.8189008
TRX/BTC  -0.006349206349206423  -0.0031746031746031442  1534939324.8192637
NEO/BTC  -0.005708767749716919  0.0006708984878980357  1534939324.8195047
LTC/BTC  -0.0020227274299829457  -0.0026143338409710575  1534939324.8196356
XRP/BTC  -0.0013728181996470763  -0.0007844675426554151  1534939325.9814172
TRX/BTC  -0.006349206349206423  -0.0031746031746031442  1534939325.981921
NEO/BTC  -0.005682743107454106  0.0006708984878980357  1534939325.9821382
LTC/BTC  -0.0020227274299829457  -0.002612026397157328  1534939325.982351
XRP/BTC  -0.0005882352941176082  -0.0007844675426554151  1534939327.1378937
TRX/BTC  -0.006349206349206423  -0.0031746031746031442  1534939327.1383913
NEO/BTC  -0.005682743107454106  0.0006708984878980357  1534939327.138651
LTC/BTC  -0.0020227274299829457  -0.0026097189533435985  1534939327.138896
XRP/BTC  -0.0005882352941176082  -0.0007844675426554151  1534939328.310137
TRX/BTC  -0.006349206349206423  -0.0031746031746031442  1534939328.310573
NEO/BTC  -0.005682743107454106  0.0006708984878980357  1534939328.310792
LTC/BTC  -0.0020227274299829457  -0.0026062577876230044  1534939328.3109894
XRP/BTC  -0.0005882352941176082  -0.0027456363992940194  1534939329.4509387
TRX/BTC  -0.006349206349206423  -0.0031746031746031442  1534939329.451267
NEO/BTC  -0.005679043404910212  0.0006708984878980357  1534939329.4514494
LTC/BTC  -0.0020227274299829457  -0.0026051040657161396  1534939329.45159
ADA/BTC  -0.003511235955056265  -0.007017543859649055  1534939330.6080413
XRP/BTC  -0.0007844675426554151  -0.0027456363992940194  1534939330.6083915
TRX/BTC  -0.006349206349206423  -0.0031746031746031442  1534939330.608545
NEO/BTC  -0.005679043404910212  0.0006708984878980357  1534939330.6087303
LTC/BTC  -0.0020227274299829457  -0.002603950343809275  1534939330.6089165
XRP/BTC  -0.0007844675426554151  -0.000588350656991661  1534939331.7645752
TRX/BTC  -0.006349206349206423  -0.0031746031746031442  1534939331.7650511
NEO/BTC  -0.005379367498853075  0.0006708984878980357  1534939331.7653153
LTC/BTC  -0.0020227274299829457  -0.0026016428999955455  1534939331.7655334
XRP/BTC  -0.0007844675426554151  -0.000588350656991661  1534939333.2563016
TRX/BTC  -0.006349206349206423  -0.0031746031746031442  1534939333.256772
NEO/BTC  -0.005866871976340026  0.0006708984878980357  1534939333.2571423
LTC/BTC  -0.0020227274299829457  -0.0025981817342749514  1534939333.2574284
XRP/BTC  -0.0007844675426554151  -0.000588350656991661  1534939334.4261003
TRX/BTC  -0.006349206349206423  -0.0031746031746031442  1534939334.426783
NEO/BTC  -0.0053644893006186516  0.0006708984878980357  1534939334.4270241
LTC/BTC  -0.0020227274299829457  -0.0027873921270017655  1534939334.4272232
XRP/BTC  -0.0007844675426554151  -0.000588350656991661  1534939335.5370286
TRX/BTC  -0.006349206349206423  -0.0031746031746031442  1534939335.5377054
NEO/BTC  -0.0053644893006186516  0.0006708984878980357  1534939335.53791
LTC/BTC  -0.0020204163533791273  -0.0028612303290415078  1534939335.538058
XRP/BTC  -0.0007844675426554151  -0.000588350656991661  1534939336.6894429
TRX/BTC  -0.006349206349206423  -0.0031746031746031442  1534939336.6898785
NEO/BTC  -0.0053644893006186516  0.0006708984878980357  1534939336.6901088
LTC/BTC  -0.0019245160747251608  -0.0028612303290415078  1534939336.6904173
ADA/BTC  -0.003511235955056265  -0.009824561403508677  1534939337.8331468
XRP/BTC  -0.0007844675426554151  -0.000588350656991661  1534939337.833427
TRX/BTC  -0.006349206349206423  -0.0031746031746031442  1534939337.8335302
NEO/BTC  -0.0053644893006186516  0.0006708984878980357  1534939337.8336153
LTC/BTC  -0.0017639530996000643  -0.003082744935160934  1534939337.833695
ADA/BTC  -0.003511235955056265  -0.008421052631578866  1534939338.9845643
XRP/BTC  -0.0007844675426554151  -0.000588350656991661  1534939338.9849842
TRX/BTC  -0.006349206349206423  -0.0031746031746031442  1534939338.9852097
NEO/BTC  -0.0053644893006186516  0.0006708984878980357  1534939338.9854457
LTC/BTC  -0.0017639530996000643  -0.003023905117910433  1534939338.9856234
XRP/BTC  -0.0007844675426554151  -0.000588350656991661  1534939340.130682
TRX/BTC  -0.006349206349206423  -0.0031746031746031442  1534939340.1315038
NEO/BTC  -0.006094039244724273  0.0006708984878980357  1534939340.131731
LTC/BTC  -0.0017639530996000643  -0.003021597674096704  1534939340.131859
XRP/BTC  -0.0007844675426554151  -0.000588350656991661  1534939341.2824874
TRX/BTC  -0.006349206349206423  -0.0031746031746031442  1534939341.2828858
NEO/BTC  -0.005379367498853075  0.0006708984878980357  1534939341.2831194
LTC/BTC  -0.0017639530996000643  -0.0030181365083761097  1534939341.2833707
XRP/BTC  -0.0007844675426554151  -0.000588350656991661  1534939342.4985895
TRX/BTC  -0.006349206349206423  -0.0031746031746031442  1534939342.498959
NEO/BTC  -0.005379367498853075  0.0006708984878980357  1534939342.4991264
LTC/BTC  -0.0017639530996000643  -0.0030158290645623804  1534939342.499389
